   n  posicion pa  intervalo  valor    posicion mw  intervalo   valor       retar  n    posi-qrs  paciente = sele070

   frecuencia de muestreo = 250

     1          100            200      -10.000           116            200        9.615           16        1           100
     2          300            203       -9.584           316            203       10.000           16        2           300
     3          503            203       -9.735           519            203        9.766           16        3           503
     4          706            205       -9.195           722            205        9.463           16        4           705
     5          911            206       -9.277           927            206       10.389           16        5           911
     6         1117            207       -9.814          1133            206       10.895           16        6          1117
     7         1324            206       -9.465          1339            208        9.921           15        7          1323
     8         1530            207       -9.434          1547            206       10.139           17        8          1530
     9         1737            206       -9.409          1753            205       10.326           16        9          1737
    10         1943            208       -9.300          1958            209        9.307           15       10          1942
    11         2151            205       -9.178          2167            205        9.891           16       11          2151
    12         2356            208       -8.955          2372            208        9.777           16       12          2356
    13         2564            210      -10.041          2580            210       10.457           16       13          2563
    14         2774            208       -9.868          2790            208       10.558           16       14          2774
    15         2982            207       -9.036          2998            207        9.389           16       15          2982
    16         3189            208       -9.448          3205            207        9.996           16       16          3189
    17         3397            205       -9.186          3412            206        8.021           15       17          3397
    18         3602            202       -8.381          3618            202        7.066           16       18          3602
    19         3804            200       -8.901          3820            199        7.465           16       19          3804
    20         4004            201       -8.297          4019            202        6.447           15       20          4003
    21         4205            198       -9.438          4221            198       11.518           16       21          4204
    22         4403            198      -10.464          4419            196       10.835           16       22          4403
    23         4601            197      -10.937          4615            200       10.418           14       23          4601
    24         4798            192       -9.169          4815            191       10.454           17       24          4797
    25         4990            193       -9.965          5006            193       12.520           16       25          4990
    26         5183            194      -11.154          5199            194       13.984           16       26          5183
    27         5377            194       -9.673          5393            194        9.936           16       27          5377
    28         5571            200       -8.189          5587            200        6.116           16       28          5571
    29         5771            205       -7.953          5787            205        7.968           16       29          5771
    30         5976            207       -7.767          5992            206        7.760           16       30          5975
    31         6183            212       -8.124          6198            212        6.151           15       31          6183
    32         6395            210       -5.259          6410            211        3.766           15       32          6394
    33         6605            205       -8.117          6621            204        7.263           16       33          6604
    34         6810            206       -7.611          6825            206        5.311           15       34          6809
    35         7016            204       -6.876          7031            205        4.788           15       35          7016
    36         7220            203       -6.274          7236            203        4.840           16       36          7220
    37         7423            205       -5.848          7439            204        3.386           16       37          7422
    38         7628            206       -6.108          7643            207        3.292           15       38          7628
    39         7834            205       -7.972          7850            204        7.394           16       39          7834
    40         8039            205       -7.889          8054            203        6.418           15       40          8038
    41         8244          -8244       -7.595          8257          -8257        4.698           13       41          8244
 RMAX =       1.000   Factor d'escala senyal
 PA_RMAX =   61518.383   Factor d'escala senyal    passa_alt
 PB_RMAX =     142.184   Factor d'escala senyal    passa_baix
