   n  posicion  sele070

   frecuencia de muestreo = 250
     posicion en milisegundos

     1            400.
     2           1200.
     3           2012.
     4           2820.
     5           3644.
     6           4468.
     7           5292.
     8           6120.
     9           6948.
    10           7768.
    11           8604.
    12           9424.
    13          10252.
    14          11096.
    15          11928.
    16          12756.
    17          13588.
    18          14408.
    19          15216.
    20          16012.
    21          16816.
    22          17612.
    23          18404.
    24          19188.
    25          19960.
    26          20732.
    27          21508.
    28          22284.
    29          23084.
    30          23900.
    31          24732.
    32          25576.
    33          26416.
    34          27236.
    35          28064.
    36          28880.
    37          29688.
    38          30512.
    39          31336.
    40          32152.
    41          32976.
 RMAX =       1.000   Factor d'escala senyal
 PA_RMAX =   61518.383   Factor d'escala senyal   passa_alt
 PB_RMAX =     142.184   Factor d'escala senyal   passa_baix
